10.0000  0.2529
10.0701  0.0000
10.1401  0.3286
10.2102  0.7663
10.2803  0.0000
10.3504  0.0000
10.4204  0.7948
10.4905  0.3890
10.5606  0.0000
10.6306  0.2768
10.7007  0.0000
10.7708  0.0000
10.8408  0.1269
10.9109  0.0000
10.9810  0.0000
11.0511  0.0000
11.1211  0.0000
11.1912  0.1639
11.2613  0.0000
11.3313  0.0000
11.4014  0.7402
11.4715  0.0000
11.5415  0.0416
11.6116  0.0000
11.6817  0.0000
11.7518  0.0640
11.8218  0.0000
11.8919  0.1969
11.9620  0.0000
12.0320  0.0000
12.1021  0.0000
12.1722  0.9365
12.2422  0.0040
12.3123  0.0000
12.3824  0.4227
12.4525  0.0000
12.5225  0.1168
12.5926  0.0000
12.6627  0.0000
12.7327  0.1122
12.8028  0.3836
12.8729  0.1006
12.9429  0.0000
13.0130  0.0000
13.0831  0.0000
13.1532  0.0000
13.2232  0.0000
13.2933  0.5479
13.3634  0.1921
13.4334  0.0000
13.5035  0.1844
13.5736  0.0000
13.6436  0.0000
13.7137  0.3319
13.7838  0.5431
13.8539  0.4948
13.9239  0.0000
13.9940  0.0000
14.0641  0.2005
14.1341  0.5249
14.2042  0.0000
14.2743  0.0000
14.3443  0.0000
14.4144  0.0000
14.4845  0.4589
14.5546  0.7350
14.6246  0.0257
14.6947  0.5690
14.7648  0.2542
14.8348  0.0000
14.9049  0.2694
14.9750  0.8673
15.0450  0.0915
15.1151  0.9049
15.1852  0.0000
15.2553  0.5682
15.3253  0.2239
15.3954  0.0595
15.4655  0.2908
15.5355  0.0000
15.6056  0.2417
15.6757  0.6116
15.7457  1.2853
15.8158  0.4513
15.8859  0.5565
15.9560  1.1184
16.0260  2.5591
16.0961  3.7730
16.1662  8.0228
16.2362  38.2470
16.3063  99.9559
16.3764  41.8872
16.4464  8.5167
16.5165  3.5739
16.5866  1.9624
16.6567  0.6677
16.7267  1.1265
16.7968  0.8523
16.8669  0.5565
16.9369  0.3211
17.0070  0.0000
17.0771  0.0838
17.1471  0.0759
17.2172  0.0000
17.2873  0.1012
17.3574  0.3605
17.4274  1.0824
17.4975  0.2108
17.5676  0.2389
17.6376  0.0617
17.7077  0.0000
17.7778  0.0678
17.8478  0.1040
17.9179  1.2992
17.9880  0.0000
18.0581  0.2080
18.1281  0.0356
18.1982  0.0000
18.2683  0.6171
18.3383  0.4186
18.4084  0.4354
18.4785  0.0000
18.5485  0.7365
18.6186  0.0000
18.6887  0.3245
18.7588  1.1246
18.8288  0.0000
18.8989  0.0000
18.9690  0.0748
19.0390  0.0000
19.1091  0.0000
19.1792  0.0558
19.2492  0.0000
19.3193  0.2564
19.3894  0.0000
19.4595  0.7929
19.5295  0.0000
19.5996  0.0000
19.6697  0.4225
19.7397  0.0000
19.8098  0.1283
19.8799  0.6676
19.9499  0.0000
20.0200  0.1053
20.0901  0.1425
20.1602  0.4030
20.2302  0.0000
20.3003  0.0000
20.3704  0.2719
20.4404  0.1591
20.5105  0.1355
20.5806  0.1832
20.6507  0.0000
20.7207  0.1255
20.7908  0.1556
20.8609  0.0000
20.9309  0.9415
21.0010  0.2453
21.0711  0.0000
21.1411  0.3362
21.2112  0.0000
21.2813  0.4010
21.3514  0.5866
21.4214  0.0000
21.4915  0.4886
21.5616  0.2132
21.6316  0.4177
21.7017  0.9549
21.7718  0.0000
21.8418  0.0000
21.9119  0.0000
21.9820  0.0000
22.0521  0.0000
22.1221  0.1763
22.1922  0.1439
22.2623  0.4191
22.3323  0.0119
22.4024  0.7320
22.4725  0.0000
22.5425  1.3652
22.6126  0.3178
22.6827  0.0000
22.7528  0.0000
22.8228  0.2460
22.8929  0.0000
22.9630  0.3616
23.0330  0.2411
23.1031  0.0000
23.1732  0.0000
23.2432  0.0000
23.3133  0.0000
23.3834  0.4324
23.4535  0.1112
23.5235  0.0000
23.5936  0.0907
23.6637  0.1967
23.7337  0.0000
23.8038  0.0808
23.8739  0.0330
23.9439  0.0000
24.0140  0.1827
24.0841  0.2842
24.1542  0.5453
24.2242  0.5307
24.2943  0.0000
24.3644  0.0000
24.4344  0.2612
24.5045  0.2606
24.5746  0.2612
24.6446  1.9300
24.7147  0.2891
24.7848  0.5714
24.8549  0.4806
24.9249  0.3293
24.9950  0.0000
25.0651  0.3831
25.1351  0.0000
25.2052  0.0000
25.2753  0.0000
25.3453  0.0447
25.4154  1.1611
25.4855  0.0000
25.5556  0.3470
25.6256  0.0000
25.6957  0.0000
25.7658  0.5485
25.8358  0.0362
25.9059  0.0000
25.9760  0.0000
26.0460  0.3441
26.1161  0.0000
26.1862  0.1128
26.2563  0.0275
26.3263  0.0000
26.3964  1.0770
26.4665  0.3222
26.5365  0.0000
26.6066  0.0989
26.6767  0.0000
26.7467  0.4325
26.8168  0.0000
26.8869  0.0000
26.9570  0.2601
27.0270  0.4410
27.0971  0.0000
27.1672  0.0000
27.2372  0.0000
27.3073  0.0000
27.3774  0.8955
27.4474  0.2169
27.5175  0.0000
27.5876  0.4777
27.6577  1.0830
27.7277  0.5422
27.7978  0.0000
27.8679  0.0000
27.9379  0.6835
28.0080  0.0000
28.0781  0.3151
28.1481  0.5274
28.2182  0.0000
28.2883  0.4592
28.3584  0.4307
28.4284  6.4001
28.4985  3.7111
28.5686  0.1724
28.6386  1.1174
28.7087  0.0000
28.7788  0.0000
28.8488  0.1411
28.9189  0.7764
28.9890  0.0000
29.0591  0.6157
29.1291  0.0330
29.1992  0.0000
29.2693  0.2508
29.3393  0.1166
29.4094  0.0000
29.4795  0.0481
29.5495  0.0000
29.6196  0.0673
29.6897  0.3407
29.7598  0.8018
29.8298  0.0000
29.8999  1.0740
29.9700  0.0000
30.0400  0.0000
30.1101  0.3002
30.1802  0.1462
30.2503  0.0000
30.3203  0.0000
30.3904  0.0000
30.4605  0.0000
30.5305  0.4293
30.6006  0.1828
30.6707  0.0000
30.7407  0.4538
30.8108  0.1575
30.8809  0.4102
30.9510  0.3185
31.0210  0.0000
31.0911  0.0000
31.1612  0.3770
31.2312  0.3085
31.3013  0.0000
31.3714  0.0618
31.4414  0.6419
31.5115  0.0000
31.5816  0.2766
31.6517  0.0000
31.7217  0.0000
31.7918  0.5523
31.8619  0.4156
31.9319  0.4096
32.0020  0.6556
32.0721  0.0133
32.1421  0.3438
32.2122  0.0000
32.2823  0.1649
32.3524  0.0000
32.4224  0.0513
32.4925  0.3004
32.5626  0.0000
32.6326  1.0490
32.7027  0.0000
32.7728  0.0000
32.8428  0.5819
32.9129  0.3987
32.9830  0.3149
33.0531  0.3171
33.1231  0.0000
33.1932  0.0000
33.2633  0.0409
33.3333  0.0000
33.4034  0.4906
33.4735  0.0000
33.5435  0.0000
33.6136  0.0000
33.6837  0.2097
33.7538  0.0000
33.8238  0.0000
33.8939  0.1253
33.9640  0.1260
34.0340  0.0000
34.1041  0.0000
34.1742  0.1199
34.2442  0.0000
34.3143  0.0000
34.3844  0.0000
34.4545  0.0000
34.5245  0.1600
34.5946  0.7424
34.6647  0.4337
34.7347  0.0000
34.8048  0.0000
34.8749  0.0000
34.9449  0.0000
35.0150  0.0000
35.0851  0.1678
35.1552  0.0000
35.2252  0.2670
35.2953  0.7741
35.3654  0.0000
35.4354  0.2098
35.5055  0.3547
35.5756  0.0000
35.6456  0.1235
35.7157  0.0188
35.7858  0.0626
35.8559  0.0000
35.9259  0.0295
35.9960  0.2685
36.0661  0.7478
36.1361  0.5054
36.2062  1.1068
36.2763  0.0000
36.3463  0.4801
36.4164  0.1465
36.4865  1.1654
36.5566  0.0000
36.6266  0.0000
36.6967  0.0000
36.7668  0.0000
36.8368  0.5045
36.9069  3.0724
36.9770  9.8043
37.0470  4.4879
37.1171  1.8520
37.1872  0.8523
37.2573  0.0000
37.3273  0.0000
37.3974  0.3457
37.4675  0.0000
37.5375  0.9736
37.6076  0.6363
37.6777  0.0000
37.7477  0.0000
37.8178  0.7051
37.8879  0.0000
37.9580  0.6410
38.0280  0.0000
38.0981  0.0000
38.1682  0.0195
38.2382  0.0393
38.3083  0.0000
38.3784  0.3258
38.4484  0.0000
38.5185  0.0000
38.5886  0.0734
38.6587  0.2704
38.7287  0.3690
38.7988  0.0000
38.8689  0.0000
38.9389  0.6526
39.0090  0.1804
39.0791  0.0000
39.1491  0.7911
39.2192  0.0743
39.2893  0.6071
39.3594  0.0526
39.4294  1.0508
39.4995  0.9000
39.5696  0.0000
39.6396  0.5134
39.7097  0.3539
39.7798  0.7200
39.8498  0.0000
39.9199  0.3920
39.9900  0.5882
40.0601  0.0000
40.1301  0.0000
40.2002  0.0000
40.2703  0.0316
40.3403  0.6022
40.4104  1.1406
40.4805  0.7646
40.5506  3.1411
40.6206  9.6861
40.6907  10.9129
40.7608  2.8214
40.8308  0.9970
40.9009  0.4000
40.9710  0.0000
41.0410  0.1288
41.1111  0.0000
41.1812  0.4293
41.2513  0.2573
41.3213  0.0000
41.3914  0.0000
41.4615  0.0000
41.5315  0.0038
41.6016  0.5079
41.6717  0.0000
41.7417  0.2754
41.8118  0.0000
41.8819  0.0000
41.9520  0.0000
42.0220  0.0000
42.0921  0.0000
42.1622  0.0000
42.2322  0.9943
42.3023  0.0287
42.3724  0.0000
42.4424  0.1166
42.5125  0.0000
42.5826  0.0000
42.6527  0.3151
42.7227  0.3863
42.7928  0.0000
42.8629  0.0000
42.9329  0.0000
43.0030  0.0000
43.0731  0.0000
43.1431  0.6892
43.2132  0.8280
43.2833  0.0000
43.3534  0.2935
43.4234  0.1607
43.4935  1.5443
43.5636  0.5645
43.6336  0.0000
43.7037  0.0000
43.7738  0.0000
43.8438  0.1061
43.9139  0.0000
43.9840  0.0000
44.0541  0.0000
44.1241  0.0000
44.1942  0.8476
44.2643  0.4448
44.3343  0.0000
44.4044  0.7439
44.4745  0.0426
44.5445  0.0000
44.6146  0.7655
44.6847  0.2734
44.7548  0.0000
44.8248  0.0000
44.8949  0.0000
44.9650  0.0000
45.0350  0.4672
45.1051  0.9589
45.1752  0.0000
45.2452  0.2859
45.3153  0.0000
45.3854  0.0000
45.4555  0.0000
45.5255  0.0000
45.5956  0.0294
45.6657  0.0000
45.7357  0.1409
45.8058  0.0000
45.8759  0.0000
45.9459  0.0000
46.0160  0.0000
46.0861  0.3855
46.1562  0.2589
46.2262  0.0000
46.2963  0.0600
46.3664  0.3872
46.4364  0.0000
46.5065  0.2867
46.5766  0.0000
46.6466  0.3063
46.7167  0.0000
46.7868  0.0000
46.8569  0.0000
46.9269  0.0822
46.9970  0.2153
47.0671  0.0000
47.1371  0.5920
47.2072  0.1822
47.2773  3.8155
47.3473  2.3860
47.4174  0.3447
47.4875  0.2448
47.5576  0.0000
47.6276  0.0000
47.6977  0.5571
47.7678  0.0000
47.8378  0.4492
47.9079  0.0000
47.9780  0.2862
48.0480  0.7391
48.1181  0.0000
48.1882  0.0000
48.2583  0.3017
48.3283  0.0000
48.3984  0.1971
48.4685  0.0000
48.5385  0.0540
48.6086  0.0000
48.6787  0.5942
48.7487  0.1376
48.8188  0.1793
48.8889  0.0000
48.9590  0.0000
49.0290  0.0000
49.0991  0.2095
49.1692  0.0000
49.2392  0.1591
49.3093  1.0532
49.3794  0.4527
49.4494  0.0000
49.5195  0.6224
49.5896  0.0000
49.6597  0.0000
49.7297  0.0000
49.7998  0.0000
49.8699  0.0000
49.9399  0.0845
50.0100  0.9439
50.0801  0.3233
50.1502  0.1607
50.2202  1.0229
50.2903  1.5661
50.3604  7.3506
50.4304  3.7536
50.5005  0.0000
50.5706  0.8701
50.6406  0.3415
50.7107  0.0000
50.7808  0.3958
50.8509  1.1947
50.9209  0.1373
50.9910  0.1615
51.0611  0.0000
51.1311  0.0000
51.2012  0.4381
51.2713  0.0000
51.3413  0.0540
51.4114  0.0000
51.4815  0.2549
51.5516  0.1813
51.6216  0.5325
51.6917  0.0000
51.7618  0.0000
51.8318  0.0000
51.9019  0.0000
51.9720  0.2014
52.0420  0.3916
52.1121  0.0000
52.1822  0.4491
52.2523  0.6931
52.3223  0.2232
52.3924  0.9566
52.4625  0.0000
52.5325  0.0000
52.6026  0.0000
52.6727  0.7804
52.7427  0.3670
52.8128  0.0230
52.8829  0.2076
52.9530  0.0000
53.0230  1.3686
53.0931  0.3162
53.1632  0.6760
53.2332  3.1653
53.3033  6.2541
53.3734  2.3939
53.4434  0.1271
53.5135  0.4658
53.5836  1.0771
53.6537  0.7627
53.7237  0.8607
53.7938  0.0000
53.8639  0.0000
53.9339  0.0000
54.0040  0.0532
54.0741  0.5686
54.1441  0.0000
54.2142  0.7811
54.2843  0.0000
54.3544  0.0000
54.4244  0.0000
54.4945  0.0000
54.5646  0.4220
54.6346  0.0465
54.7047  0.0000
54.7748  0.0000
54.8448  0.0000
54.9149  0.8434
54.9850  0.0000
55.0551  0.0000
55.1251  0.0000
55.1952  0.0000
55.2653  0.0000
55.3353  0.0000
55.4054  0.0000
55.4755  0.3631
55.5455  0.9423
55.6156  0.5852
55.6857  0.0000
55.7558  0.0000
55.8258  1.3425
55.8959  0.1207
55.9660  0.1961
56.0360  0.7453
56.1061  2.4977
56.1762  1.4262
56.2462  0.0539
56.3163  0.0000
56.3864  0.0525
56.4565  0.0000
56.5265  0.0000
56.5966  0.0766
56.6667  0.0000
56.7367  0.7667
56.8068  0.0000
56.8769  0.5561
56.9469  0.6320
57.0170  0.0000
57.0871  0.0000
57.1572  0.0000
57.2272  0.0000
57.2973  0.0000
57.3674  0.0000
57.4374  0.8805
57.5075  0.4719
57.5776  0.6396
57.6476  0.3644
57.7177  0.0000
57.7878  0.0000
57.8579  0.2478
57.9279  0.0000
57.9980  0.3593
58.0681  0.0000
58.1381  0.0000
58.2082  0.3580
58.2783  0.2246
58.3483  0.0000
58.4184  0.5820
58.4885  0.0000
58.5586  0.3102
58.6286  0.2988
58.6987  0.0000
58.7688  0.1652
58.8388  0.0000
58.9089  0.4641
58.9790  0.0000
59.0490  0.0000
59.1191  0.5266
59.1892  0.0000
59.2593  0.0000
59.3293  0.0000
59.3994  0.3051
59.4695  0.0000
59.5395  0.8796
59.6096  0.0000
59.6797  0.8505
59.7497  0.1079
59.8198  0.0000
59.8899  0.0000
59.9600  0.2022
60.0300  0.0000
60.1001  0.5546
60.1702  0.0603
60.2402  0.0785
60.3103  0.0000
60.3804  0.0000
60.4505  0.1582
60.5205  0.0000
60.5906  0.0000
60.6607  0.3777
60.7307  0.0925
60.8008  0.0000
60.8709  0.0192
60.9409  0.1861
61.0110  0.0000
61.0811  0.0000
61.1512  0.1267
61.2212  0.0000
61.2913  0.2757
61.3614  0.0000
61.4314  1.1538
61.5015  2.0540
61.5716  1.1773
61.6416  0.7360
61.7117  0.9226
61.7818  0.5580
61.8519  0.0000
61.9219  0.0000
61.9920  0.0000
62.0621  0.0263
62.1321  0.2694
62.2022  0.0000
62.2723  0.1007
62.3423  0.0000
62.4124  0.0000
62.4825  0.0000
62.5526  0.0000
62.6226  0.0000
62.6927  0.0000
62.7628  0.5300
62.8328  0.0000
62.9029  1.3189
62.9730  0.2492
63.0430  0.0948
63.1131  0.0000
63.1832  0.3523
63.2533  0.0000
63.3233  0.0629
63.3934  1.2819
63.4635  0.0000
63.5335  0.5763
63.6036  0.0000
63.6737  0.0000
63.7437  0.8869
63.8138  0.0000
63.8839  0.9076
63.9540  0.3553
64.0240  0.0000
64.0941  0.3175
64.1642  0.4876
64.2342  0.3122
64.3043  0.0000
64.3744  0.0000
64.4444  0.0000
64.5145  0.0000
64.5846  0.3115
64.6547  0.0900
64.7247  0.0000
64.7948  0.1913
64.8649  0.3065
64.9349  0.2811
65.0050  0.5415
65.0751  0.4181
65.1451  0.2307
65.2152  0.0000
65.2853  0.0000
65.3554  0.2160
65.4254  0.1050
65.4955  0.1370
65.5656  0.0000
65.6356  0.0000
65.7057  0.5278
65.7758  0.0000
65.8458  0.3420
65.9159  0.0154
65.9860  0.0162
66.0561  0.4704
66.1261  0.0000
66.1962  0.0494
66.2663  0.0000
66.3363  0.0000
66.4064  0.0000
66.4765  0.1126
66.5465  0.0000
66.6166  0.6295
66.6867  0.0000
66.7568  0.0000
66.8268  0.0000
66.8969  0.7253
66.9670  0.1002
67.0370  0.5179
67.1071  0.0000
67.1772  0.1357
67.2472  0.4471
67.3173  0.0436
67.3874  0.5353
67.4575  0.0000
67.5275  0.7076
67.5976  1.1526
67.6677  0.0000
67.7377  0.0000
67.8078  0.7307
67.8779  0.7941
67.9479  0.0000
68.0180  0.0000
68.0881  0.0000
68.1582  0.0000
68.2282  0.0000
68.2983  0.0000
68.3684  0.0000
68.4384  0.0000
68.5085  0.1324
68.5786  0.7944
68.6486  0.0000
68.7187  0.5254
68.7888  0.0000
68.8589  0.0481
68.9289  0.4651
68.9990  0.0000
69.0691  1.5782
69.1391  2.6028
69.2092  1.2634
69.2793  0.3977
69.3493  1.3373
69.4194  0.0000
69.4895  0.0000
69.5596  0.0000
69.6296  0.0000
69.6997  0.0000
69.7698  0.6100
69.8398  0.7234
69.9099  0.0000
69.9800  0.0000
70.0501  0.2449
70.1201  0.0000
70.1902  0.3245
70.2603  0.1092
70.3303  0.0000
70.4004  0.7813
70.4705  0.9056
70.5405  0.0000
70.6106  0.0000
70.6807  0.1520
70.7508  0.1772
70.8208  0.3405
70.8909  1.0181
70.9610  0.0000
71.0310  0.0000
71.1011  0.0000
71.1712  0.0000
71.2412  0.0288
71.3113  0.9670
71.3814  0.0000
71.4515  0.4596
71.5215  1.3484
71.5916  2.8067
71.6617  2.1175
71.7317  0.0000
71.8018  0.0000
71.8719  0.5804
71.9419  0.3800
72.0120  0.9513
72.0821  0.3131
72.1522  0.0000
72.2222  0.3087
72.2923  0.5654
72.3624  0.4195
72.4324  0.2616
72.5025  0.5402
72.5726  0.5907
72.6426  0.6965
72.7127  0.3292
72.7828  0.0000
72.8529  0.0773
72.9229  0.6069
72.9930  0.0000
73.0631  0.1875
73.1331  0.0000
73.2032  0.0171
73.2733  0.6418
73.3433  0.0980
73.4134  0.0255
73.4835  0.0000
73.5536  0.3752
73.6236  0.3248
73.6937  1.0836
73.7638  0.0000
73.8338  0.1114
73.9039  0.1265
73.9740  0.7905
74.0440  0.0000
74.1141  0.1412
74.1842  0.3056
74.2543  0.0949
74.3243  0.0000
74.3944  0.0987
74.4645  0.5384
74.5345  0.0000
74.6046  0.0681
74.6747  0.0000
74.7447  0.5993
74.8148  0.0000
74.8849  0.0000
74.9550  0.1905
75.0250  0.7848
75.0951  0.0000
75.1652  0.0000
75.2352  0.9430
75.3053  0.0000
75.3754  0.0000
75.4454  0.2233
75.5155  0.0000
75.5856  0.0000
75.6557  0.3591
75.7257  0.1278
75.7958  0.0000
75.8659  0.0000
75.9359  0.4481
76.0060  0.3415
76.0761  0.0000
76.1461  0.9630
76.2162  0.0000
76.2863  0.0000
76.3564  0.5181
76.4264  0.6156
76.4965  0.3016
76.5666  0.0000
76.6366  0.2079
76.7067  0.0000
76.7768  0.7361
76.8468  0.0000
76.9169  0.5667
76.9870  0.1778
77.0571  0.2336
77.1271  0.2893
77.1972  0.2276
77.2673  0.3246
77.3373  0.6674
77.4074  0.1008
77.4775  0.3567
77.5475  0.0000
77.6176  0.7219
77.6877  0.0000
77.7578  0.9020
77.8278  0.0000
77.8979  0.0000
77.9680  0.0653
78.0380  0.0000
78.1081  0.4214
78.1782  0.0000
78.2482  0.0000
78.3183  0.0000
78.3884  0.0000
78.4585  0.0000
78.5285  0.0000
78.5986  0.3810
78.6687  0.3936
78.7387  0.2134
78.8088  0.0000
78.8789  0.0000
78.9489  0.0000
79.0190  0.0000
79.0891  0.7523
79.1592  0.4393
79.2292  0.0000
79.2993  0.0140
79.3694  0.1047
79.4394  0.0000
79.5095  0.0000
79.5796  0.0000
79.6496  0.0000
79.7197  0.0000
79.7898  0.8993
79.8599  0.3209
79.9299  0.0000
80.0000  0.2867
